38,28
38,27
38,26
38,25
38,24
38,23
38,22
38,21
38,20
38,19
38,18
38,17
38,16
38,15
38,14
38,13
38,12
38,11
38,10
38,9
38,8
38,2
38,0
35,5
39,5
30,5
40,7
40,6
40,4
41,35
31,4
31,1
31,3
35,4
35,1
35,3
36,5
36,1
36,3
39,4
39,1
39,3
33,4
34,1
34,3
33,5
33,1
33,3
32,1
32,3
40,5
40,1
40,3
30,4
30,1
30,3
29,4
29,1
29,3
14,5
38,4
38,3
3,2
3,1
3,3
10,183
10,127
10,161
10,205
10,163
10,313
10,1
10,193
10,2
10,3
11,27
11,23
11,17
11,5
11,1
11,15
11,2
11,3
9,7
9,1
9,5
9,2
9,3
8,15
8,7
8,8
8,4
8,10
8,1
8,9
8,2
8,3
0,318
12,2
12,1
12,3
20,2
20,1
20,3
19,2
19,1
19,3
18,1
